Title,Problem Type,Value Score,Validation Count,Current Tools,Pain Points,Use Case,Budget Signals,Urgency,Subreddit,URL
What’s the best alternative to spreadsheets for tracking multichannel sales?,automation,53,4,"sheets, shopify",manual_process,,,normal,shopify,https://reddit.com/r/shopify/comments/1rxul5u/whats_the_best_alternative_to_spreadsheets_for/
We need to limit our orders,automation,47,1,shopify,manual_process,need to limit our orders,,normal,shopify,https://reddit.com/r/shopify/comments/1sik8tx/we_need_to_limit_our_orders/
What's the best way to validate early? ( I will not promote ),automation,42,5,,manual_process,,,normal,startups,https://reddit.com/r/startups/comments/1rwhzq1/whats_the_best_way_to_validate_early_i_will_not/
How do you decide when to fire a client vs try to make it work?,general,40,3,,missing_feature,,$60,normal,smallbusiness,https://reddit.com/r/smallbusiness/comments/1rv0keq/how_do_you_decide_when_to_fire_a_client_vs_try_to/
Alternative to QuickBooks?,management,40,1,quickbooks,complexity,"looking for an alternative to quickbooks for accounting, payment processing(debit, credit, and ach),",,normal,smallbusiness,https://reddit.com/r/smallbusiness/comments/1scjtl2/alternative_to_quickbooks/
Is there a more “dev-first” way to handle newsletters?,automation,39,2,mailchimp,manual_process,,,normal,SaaS,https://reddit.com/r/SaaS/comments/1s26hgb/is_there_a_more_devfirst_way_to_handle_newsletters/
Quickbooks alternatives?,management,38,0,"excel, sheets, quickbooks, shopify",,,,normal,smallbusiness,https://reddit.com/r/smallbusiness/comments/1s94949/quickbooks_alternatives/
Looking for a platform that will sync my inventory quantity across multiple platforms (etsy and ebay,integration,31,0,,,looking for a platform that will sync my inventory quantity across multiple platforms (etsy and ebay,,normal,ecommerce,https://reddit.com/r/ecommerce/comments/1rymz2s/looking_for_a_platform_that_will_sync_my/
need a more complex shipping app for shopify basic store,general,30,1,shopify,complexity,need a more complex shipping app for shopify basic store,,normal,shopify,https://reddit.com/r/shopify/comments/1rymu9d/need_a_more_complex_shipping_app_for_shopify/
What if you could run Python in the browser at 160KB instead of 20MB? I'm building a compiler to mak,collaboration,29,2,,,,,normal,webdev,https://reddit.com/r/webdev/comments/1sj780c/what_if_you_could_run_python_in_the_browser_at/
"EU Brands: How do you handle shipping to Norway, UK, and Switzerland without killing your margins?",general,26,0,,"cost, missing_feature",,,normal,ecommerce,https://reddit.com/r/ecommerce/comments/1s7zts4/eu_brands_how_do_you_handle_shipping_to_norway_uk/
